0 0 0.00246230
0 1 -0.00822081
1 0 -0.00822081
1 1 0.0278877
0 2 -1.40663e-08
0 3 6.86679e-07
1 2 1.43455e-07
1 3 -2.74522e-06
0 4 4.33744e-08
0 5 -1.00396e-07
1 4 -3.10186e-07
1 5 5.13204e-07
0 6 6.45152e-08
0 7 -3.49250e-07
1 6 -2.97688e-07
1 7 1.08202e-06
0 8 6.87951e-08
0 9 -2.14588e-07
1 8 -3.17201e-07
1 9 6.60604e-07
0 10 -4.81006e-08
0 11 4.76674e-08
1 10 1.40745e-07
1 11 -2.33193e-07
0 12 -2.83270e-08
0 13 2.25121e-08
1 12 8.09798e-08
1 13 -5.00459e-08
0 14 8.31078e-09
0 15 -4.86615e-08
1 14 -4.79602e-08
1 15 1.45200e-07
0 16 7.09210e-09
0 17 1.51643e-07
1 16 1.91446e-09
1 17 -5.40088e-07
0 18 5.99742e-08
0 19 -3.06332e-08
1 18 -1.97802e-07
1 19 1.70753e-07
0 20 -2.78425e-08
0 21 7.46220e-08
1 20 8.47121e-08
1 21 -2.86924e-07
0 22 -2.82045e-08
0 23 -1.08550e-07
1 22 9.03776e-08
1 23 2.95683e-07
0 24 -8.15807e-08
0 25 1.50940e-08
1 24 2.78289e-07
1 25 -7.02345e-08
0 26 -2.76891e-08
0 27 -8.95246e-08
1 26 8.58009e-08
1 27 3.43687e-07
0 28 5.34947e-10
0 29 -3.35759e-08
1 28 -1.20051e-08
1 29 1.07004e-07
0 30 1.22470e-08
0 31 4.04099e-08
1 30 -5.88756e-08
1 31 -1.44870e-07
0 32 3.54117e-08
0 33 4.14424e-08
1 32 -1.33129e-07
1 33 -1.09893e-07
0 34 -7.43278e-09
0 35 -4.11593e-09
1 34 2.54587e-08
1 35 7.31872e-08
0 36 9.91936e-09
0 37 -4.38012e-08
1 36 -5.12247e-08
1 37 1.99335e-07
0 38 1.14896e-08
0 39 -2.30230e-08
1 38 -3.63665e-08
1 39 9.78149e-08
0 40 9.00983e-09
0 41 -4.52828e-09
1 40 -2.85968e-08
1 41 -3.03013e-11
0 42 -2.36964e-08
0 43 5.78420e-08
1 42 7.42946e-08
1 43 -2.13515e-07
0 44 -1.28375e-08
0 45 -8.25489e-09
1 44 4.40418e-08
1 45 1.66631e-08
0 46 2.42924e-08
0 47 -3.11227e-08
1 46 -7.00009e-08
1 47 1.07656e-07
0 48 -2.52769e-08
0 49 2.04216e-08
1 48 8.77567e-08
1 49 -2.65722e-08
0 50 5.05125e-09
0 51 6.03076e-08
1 50 -1.82764e-08
1 51 -1.85954e-07
0 52 -1.20014e-08
0 53 -6.43831e-09
1 52 4.31616e-08
1 53 2.46916e-08
0 54 2.82845e-11
0 55 -1.80012e-08
1 54 6.02477e-09
1 55 7.48519e-08
0 56 1.05985e-08
0 57 -1.80603e-08
1 56 -3.96232e-08
1 57 6.88730e-08
0 58 -1.42083e-10
0 59 -3.62082e-08
1 58 -4.22591e-09
1 59 1.10554e-07
0 60 2.91400e-08
0 61 -5.79790e-08
1 60 -1.09361e-07
1 61 2.14012e-07
0 62 -6.34966e-10
0 63 -1.59902e-08
1 62 5.21920e-09
1 63 4.69120e-08
0 64 -1.28501e-08
0 65 -6.29731e-08
1 64 4.32598e-08
1 65 2.09218e-07
0 66 -1.78621e-09
0 67 -3.05254e-08
1 66 -3.17134e-09
1 67 1.25227e-07
0 68 9.69413e-09
0 69 -2.04644e-08
1 68 -4.85970e-08
1 69 9.70184e-08
0 70 1.63782e-08
0 71 4.12480e-08
1 70 -6.27270e-08
1 71 -1.32490e-07
0 72 1.39885e-08
0 73 -2.41688e-08
1 72 -4.40872e-08
1 73 9.61640e-08
0 74 -2.03728e-08
0 75 -6.88265e-09
1 74 6.89292e-08
1 75 4.05539e-09
0 76 -2.32764e-09
0 77 -5.36009e-08
1 76 1.67644e-08
1 77 1.88378e-07
0 78 -1.66240e-08
0 79 -1.91353e-08
1 78 6.15280e-08
1 79 6.45797e-08
0 80 -5.70461e-09
0 81 1.05332e-08
1 80 2.11536e-08
1 81 -2.68317e-08
0 82 -9.67293e-09
0 83 -1.41979e-08
1 82 3.44476e-08
1 83 5.77818e-08
0 84 2.27890e-08
0 85 -1.61878e-08
1 84 -7.30676e-08
1 85 4.08660e-08
0 86 -8.49222e-09
0 87 7.50557e-09
1 86 1.41913e-08
1 87 -4.50323e-09
0 88 -8.38921e-09
0 89 -1.70928e-08
1 88 3.37045e-08
1 89 3.80361e-08
0 90 -2.14500e-08
0 91 8.18839e-09
1 90 6.37550e-08
1 91 -2.24730e-08
0 92 -2.51922e-08
0 93 3.53370e-08
1 92 7.73017e-08
1 93 -1.17235e-07
0 94 -3.74869e-09
0 95 1.08585e-08
1 94 1.58887e-08
1 95 -3.95186e-08
0 96 7.20301e-10
0 97 -1.94808e-08
1 96 3.57365e-09
1 97 6.15239e-08
0 98 7.28861e-09
0 99 6.24629e-09
1 98 -1.90802e-08
1 99 -3.01323e-08
2 0 -1.40663e-08
2 1 1.43455e-07
3 0 6.86679e-07
3 1 -2.74522e-06
2 2 2.13526e-08
2 3 -3.35075e-09
3 2 -3.35075e-09
3 3 9.13468e-08
2 4 2.55707e-09
2 5 4.80604e-09
3 4 -2.78455e-10
3 5 6.58595e-09
2 6 1.23459e-09
2 7 -2.90193e-10
3 6 -3.61322e-11
3 7 2.31057e-09
2 8 4.67562e-10
2 9 7.55362e-10
3 8 1.76637e-11
3 9 1.93389e-09
2 10 1.61225e-10
2 11 -1.67757e-10
3 10 1.78189e-10
3 11 2.61851e-10
2 12 9.02759e-11
2 13 -1.06409e-10
3 12 4.93248e-10
3 13 -4.89755e-10
2 14 2.08021e-10
2 15 -4.69823e-10
3 14 -2.48001e-10
3 15 3.08892e-10
2 16 -2.76333e-11
2 17 -4.51797e-11
3 16 1.11651e-10
3 17 3.14453e-11
2 18 7.85033e-11
2 19 2.89849e-10
3 18 -3.44276e-11
3 19 -6.10744e-10
2 20 -4.06239e-11
2 21 -9.61967e-11
3 20 1.40036e-10
3 21 7.43179e-11
2 22 -1.86932e-11
2 23 -4.02858e-10
3 22 -1.91845e-10
3 23 2.53936e-10
2 24 2.11595e-10
2 25 -3.74562e-10
3 24 -2.99737e-10
3 25 1.24821e-10
2 26 -2.66922e-11
2 27 -4.38817e-11
3 26 -2.71367e-11
3 27 -8.17720e-10
2 28 -5.37472e-11
2 29 -1.18771e-10
3 28 4.93835e-11
3 29 -1.83412e-10
2 30 -3.68085e-11
2 31 -1.60065e-11
3 30 -1.91567e-11
3 31 2.21857e-10
2 32 -6.44313e-11
2 33 -1.20006e-10
3 32 5.37621e-12
3 33 3.14263e-10
2 34 -2.79943e-11
2 35 6.78753e-11
3 34 7.25433e-11
3 35 -2.08345e-10
2 36 -1.42495e-12
2 37 -2.22480e-10
3 36 -8.83115e-11
3 37 3.05957e-11
2 38 -2.83043e-11
2 39 -2.97296e-10
3 38 -1.86563e-10
3 39 1.79182e-10
2 40 -5.07327e-11
2 41 -3.81739e-10
3 40 -1.12071e-10
3 41 4.22447e-10
2 42 2.24217e-13
2 43 -3.39360e-10
3 42 8.98267e-11
3 43 4.45509e-10
2 44 -9.47474e-11
2 45 -2.74162e-10
3 44 4.95962e-11
3 45 1.11437e-10
2 46 -2.79697e-11
2 47 -1.55910e-10
3 46 -7.20500e-11
3 47 -1.00391e-10
2 48 7.15174e-12
2 49 -2.58872e-12
3 48 -3.30626e-11
3 49 -2.33670e-10
2 50 1.28220e-11
2 51 1.77761e-10
3 50 -1.49145e-10
3 51 2.05156e-10
2 52 6.76294e-11
2 53 -5.74680e-12
3 52 2.50913e-11
3 53 1.22348e-10
2 54 -2.54307e-11
2 55 -4.76754e-11
3 54 9.46164e-11
3 55 -2.05179e-10
2 56 -2.64189e-11
2 57 7.28342e-11
3 56 1.53652e-10
3 57 -2.82080e-10
2 58 4.38268e-12
2 59 1.51314e-10
3 58 -9.72176e-11
3 59 3.34471e-10
2 60 -1.35693e-11
2 61 -9.95582e-12
3 60 1.16250e-10
3 61 4.00717e-11
2 62 1.72038e-11
2 63 -7.46680e-11
3 62 4.77284e-11
3 63 2.55916e-10
2 64 -2.00554e-11
2 65 -1.01699e-10
3 64 4.45718e-11
3 65 -2.01834e-11
2 66 4.52363e-11
2 67 -6.72403e-11
3 66 6.00162e-11
3 67 -2.06147e-10
2 68 4.07491e-11
2 69 2.67073e-11
3 68 -9.70088e-11
3 69 4.69813e-11
2 70 3.92527e-11
2 71 1.64275e-10
3 70 -5.23708e-11
3 71 2.27742e-10
2 72 3.95836e-12
2 73 1.40496e-10
3 72 1.74600e-10
3 73 -1.51281e-10
2 74 5.46959e-11
2 75 -3.90278e-11
3 74 -4.75100e-11
3 75 4.48790e-10
2 76 7.19657e-11
2 77 -1.10969e-10
3 76 -6.69542e-11
3 77 8.50865e-11
2 78 3.51370e-12
2 79 -6.69920e-11
3 78 2.04184e-11
3 79 -1.36788e-10
2 80 -1.47593e-11
2 81 -1.02943e-10
3 80 2.49347e-11
3 81 -1.00515e-10
2 82 6.71719e-12
2 83 2.02563e-12
3 82 3.98491e-11
3 83 -7.68093e-12
2 84 2.06338e-11
2 85 1.07690e-12
3 84 -1.72165e-11
3 85 4.22418e-11
2 86 -3.68291e-11
2 87 5.71496e-11
3 86 -2.60216e-11
3 87 1.64347e-10
2 88 2.38016e-11
2 89 -2.23213e-11
3 88 -3.24063e-11
3 89 -2.49723e-12
2 90 2.43618e-11
2 91 1.39561e-10
3 90 -1.04051e-11
3 91 -5.71202e-11
2 92 6.04598e-11
2 93 1.09414e-10
3 92 -9.65712e-11
3 93 -3.98981e-10
2 94 -5.08990e-11
2 95 3.54450e-12
3 94 2.15121e-11
3 95 -1.84217e-10
2 96 -1.06178e-11
2 97 -4.36794e-11
3 96 9.18837e-12
3 97 -1.86273e-10
2 98 1.00302e-11
2 99 -5.21632e-11
3 98 -2.91182e-11
3 99 -2.39275e-10
4 0 4.33744e-08
4 1 -3.10186e-07
5 0 -1.00396e-07
5 1 5.13204e-07
4 2 2.55707e-09
4 3 -2.78455e-10
5 2 4.80604e-09
5 3 6.58595e-09
4 4 7.47546e-09
4 5 -2.95795e-09
5 4 -2.95795e-09
5 5 3.22547e-08
4 6 1.13830e-09
4 7 1.48580e-09
5 6 3.36616e-10
5 7 3.73115e-09
4 8 5.07466e-10
4 9 3.55254e-10
5 8 -1.63206e-10
5 9 1.82952e-10
4 10 2.80286e-10
4 11 -2.31924e-11
5 10 -3.16473e-10
5 11 -9.08849e-11
4 12 1.29751e-10
4 13 -2.10396e-10
5 12 7.86575e-11
5 13 -2.77355e-10
4 14 9.46898e-12
4 15 -1.39876e-10
5 14 9.95967e-11
5 15 -2.78399e-10
4 16 2.85392e-11
4 17 -2.11406e-10
5 16 1.87321e-10
5 17 -6.04892e-11
4 18 -5.67310e-11
4 19 -1.07312e-10
5 18 -1.08283e-10
5 19 4.26369e-10
4 20 -5.53050e-11
4 21 -2.55820e-10
5 20 1.65332e-10
5 21 -1.34772e-10
4 22 -9.11568e-12
4 23 -4.49807e-11
5 22 -1.56781e-10
5 23 -4.03432e-11
4 24 8.76446e-11
4 25 -1.42842e-10
5 24 4.06469e-11
5 25 5.58417e-12
4 26 4.54397e-11
4 27 -1.54290e-10
5 26 -1.00154e-10
5 27 1.12699e-10
4 28 -1.35077e-10
4 29 -8.64850e-11
5 28 1.13716e-11
5 29 -1.71436e-11
4 30 -4.74099e-11
4 31 -4.63853e-11
5 30 -2.55970e-11
5 31 1.11477e-10
4 32 1.63891e-11
4 33 3.82463e-11
5 32 -1.27899e-11
5 33 3.70242e-10
4 34 -4.00094e-11
4 35 -4.93891e-11
5 34 -4.74712e-12
5 35 3.80744e-10
4 36 -4.76978e-11
4 37 -6.48121e-11
5 36 1.18716e-10
5 37 2.76754e-12
4 38 -3.50512e-11
4 39 -7.06770e-11
5 38 -1.04051e-11
5 39 1.49860e-10
4 40 -1.47127e-11
4 41 -8.17808e-11
5 40 -1.23286e-11
5 41 4.84595e-11
4 42 2.69819e-11
4 43 -9.09093e-11
5 42 2.00385e-11
5 43 -1.11302e-10
4 44 -6.86206e-12
4 45 -8.82435e-11
5 44 4.54446e-11
5 45 -2.72296e-11
4 46 4.35713e-11
4 47 -1.02740e-10
5 46 -7.69098e-11
5 47 1.42584e-10
4 48 4.31478e-11
4 49 1.31059e-11
5 48 -1.57305e-11
5 49 -3.77616e-11
4 50 -1.63167e-11
4 51 -1.19063e-11
5 50 1.59214e-11
5 51 1.41047e-10
4 52 4.83802e-12
4 53 -3.83323e-11
5 52 -1.11555e-12
5 53 5.34611e-11
4 54 3.15018e-11
4 55 -5.16505e-12
5 54 -8.04040e-14
5 55 6.90490e-11
4 56 -6.30008e-13
4 57 1.56127e-11
5 56 9.95389e-11
5 57 -1.64770e-11
4 58 5.58371e-11
4 59 -5.53919e-11
5 58 -6.16282e-11
5 59 2.50675e-10
4 60 5.29821e-13
4 61 -5.01570e-11
5 60 9.05845e-11
5 61 -6.77339e-11
4 62 -6.91811e-13
4 63 2.57429e-11
5 62 6.03715e-11
5 63 -3.87993e-11
4 64 -3.93233e-12
4 65 4.35803e-11
5 64 2.97487e-11
5 65 -7.90677e-11
4 66 -2.01142e-11
4 67 5.57962e-11
5 66 5.64658e-11
5 67 -1.44404e-10
4 68 3.78504e-11
4 69 5.05844e-12
5 68 3.13431e-12
5 69 -1.52670e-10
4 70 3.37196e-11
4 71 5.78003e-11
5 70 -2.94872e-11
5 71 -9.04646e-11
4 72 1.57955e-11
4 73 6.18443e-11
5 72 -1.39576e-12
5 73 -8.71129e-11
4 74 1.48134e-11
4 75 4.27680e-11
5 74 1.66398e-11
5 75 -1.00061e-10
4 76 1.87965e-11
4 77 2.35138e-11
5 76 -1.26220e-11
5 77 -5.77946e-11
4 78 -1.87381e-11
4 79 -5.72926e-11
5 78 -5.21407e-11
5 79 -3.18473e-11
4 80 1.34538e-11
4 81 -6.07795e-11
5 80 -2.37790e-11
5 81 4.45038e-11
4 82 -1.29908e-11
4 83 1.39516e-11
5 82 -3.16404e-11
5 83 8.21836e-12
4 84 1.53546e-11
4 85 1.82656e-12
5 84 -4.51738e-11
5 85 -1.13291e-10
4 86 -1.48312e-11
4 87 1.92564e-11
5 86 6.16682e-11
5 87 -1.12711e-10
4 88 -2.57952e-12
4 89 -3.92302e-11
5 88 1.07447e-10
5 89 -1.47237e-10
4 90 1.55170e-11
4 91 -2.52787e-11
5 90 2.39258e-11
5 91 5.83512e-11
4 92 1.88381e-11
4 93 -2.77752e-11
5 92 -3.66811e-11
5 93 1.44613e-11
4 94 -2.43992e-13
4 95 2.11403e-11
5 94 4.58207e-11
5 95 -1.63254e-11
4 96 -8.94960e-12
4 97 5.52435e-11
5 96 2.89725e-11
5 97 -5.16843e-11
4 98 -2.86941e-11
4 99 2.04326e-11
5 98 1.52966e-11
5 99 -4.57182e-11
6 0 6.45152e-08
6 1 -2.97688e-07
7 0 -3.49250e-07
7 1 1.08202e-06
6 2 1.23459e-09
6 3 -3.61322e-11
7 2 -2.90193e-10
7 3 2.31057e-09
6 4 1.13830e-09
6 5 3.36616e-10
7 4 1.48580e-09
7 5 3.73115e-09
6 6 3.77158e-09
6 7 -1.40294e-09
7 6 -1.40294e-09
7 7 1.51859e-08
6 8 8.10106e-10
6 9 6.44939e-10
7 8 -1.66474e-10
7 9 2.22948e-09
6 10 9.69419e-11
6 11 4.73670e-10
7 10 1.68561e-10
7 11 -2.76271e-10
6 12 2.88253e-11
6 13 1.10325e-10
7 12 -5.27623e-11
7 13 -1.90305e-10
6 14 4.79505e-11
6 15 1.83713e-12
7 14 -5.13508e-11
7 15 -1.91936e-10
6 16 1.28643e-10
6 17 -6.78528e-11
7 16 -4.47016e-11
7 17 1.24128e-10
6 18 6.03227e-11
6 19 -1.51284e-10
7 18 -1.03869e-10
7 19 3.50111e-10
6 20 -2.64540e-11
6 21 -2.63296e-10
7 20 1.55205e-10
7 21 5.47321e-11
6 22 6.25731e-11
6 23 -1.37308e-10
7 22 -7.09715e-11
7 23 1.18432e-10
6 24 3.61890e-11
6 25 -2.07237e-10
7 24 3.21690e-11
7 25 1.19877e-10
6 26 2.16938e-12
6 27 -1.03379e-10
7 26 1.36104e-10
7 27 -5.73692e-11
6 28 6.18694e-11
6 29 -1.40191e-10
7 28 -6.31306e-11
7 29 2.63862e-11
6 30 -1.11323e-12
6 31 -2.69704e-11
7 30 -1.03807e-10
7 31 5.92820e-11
6 32 4.02110e-11
6 33 -1.11256e-11
7 32 4.80682e-12
7 33 -2.52301e-10
6 34 -4.07211e-11
6 35 4.27856e-11
7 34 -4.69995e-11
7 35 -2.14408e-10
6 36 3.32044e-11
6 37 -9.41926e-11
7 36 -4.83872e-11
7 37 -6.79465e-11
6 38 -2.94048e-11
6 39 4.53560e-11
7 38 -2.34839e-12
7 39 -1.89373e-10
6 40 -2.36761e-11
6 41 -4.42501e-11
7 40 -1.76750e-11
7 41 -3.49339e-11
6 42 -4.04311e-11
6 43 -7.65452e-11
7 42 5.10896e-11
7 43 -2.75524e-11
6 44 -1.97881e-11
6 45 -9.47983e-11
7 44 -1.85398e-11
7 45 -3.41327e-12
6 46 1.60595e-11
6 47 6.96406e-12
7 46 -9.18986e-11
7 47 -3.39234e-11
6 48 1.00558e-12
6 49 -2.31467e-11
7 48 3.12644e-11
7 49 -4.98439e-11
6 50 2.56397e-11
6 51 5.54770e-11
7 50 -9.37288e-11
7 51 -1.14118e-10
6 52 -9.50043e-12
6 53 -4.44909e-11
7 52 -3.33393e-11
7 53 -2.18154e-10
6 54 1.27990e-11
6 55 -6.76399e-11
7 54 5.57457e-11
7 55 6.39232e-11
6 56 -3.87717e-12
6 57 5.08850e-12
7 56 5.24484e-11
7 57 -3.72526e-11
6 58 -3.49226e-12
6 59 -2.53245e-11
7 58 -6.31462e-11
7 59 -3.25779e-11
6 60 -5.70679e-12
6 61 -5.69190e-11
7 60 -2.61814e-11
7 61 3.39860e-11
6 62 1.31219e-11
6 63 -6.83589e-11
7 62 -3.17550e-11
7 63 -9.40261e-12
6 64 1.95957e-11
6 65 -6.65068e-11
7 64 1.94872e-11
7 65 1.03083e-10
6 66 1.97912e-12
6 67 -3.43888e-11
7 66 4.11484e-11
7 67 -3.59450e-11
6 68 -1.47760e-11
6 69 -3.07371e-12
7 68 4.74306e-11
7 69 -7.14324e-11
6 70 1.47921e-11
6 71 -3.44447e-11
7 70 5.96373e-11
7 71 -3.20667e-11
6 72 -2.03855e-11
6 73 -1.34728e-11
7 72 8.17620e-12
7 73 -1.07311e-10
6 74 -2.48239e-12
6 75 -1.31124e-11
7 74 -3.61761e-12
7 75 -1.11713e-10
6 76 4.88428e-12
6 77 3.26101e-11
7 76 1.61862e-11
7 77 -1.25271e-10
6 78 3.75343e-12
6 79 -4.21389e-11
7 78 2.83523e-12
7 79 -9.75631e-12
6 80 1.33291e-11
6 81 -8.91376e-11
7 80 -6.40058e-12
7 81 9.43314e-12
6 82 2.07665e-11
6 83 -2.30236e-11
7 82 6.48008e-13
7 83 4.89885e-11
6 84 2.55771e-11
6 85 1.14794e-11
7 84 -4.51871e-11
7 85 7.59827e-11
6 86 1.60354e-11
6 87 1.47056e-11
7 86 -3.49635e-11
7 87 1.13412e-11
6 88 2.41761e-12
6 89 -3.37715e-11
7 88 -1.79944e-11
7 89 -6.20727e-11
6 90 -1.45865e-11
6 91 2.08759e-11
7 90 -7.55733e-12
7 91 -1.16196e-10
6 92 1.21325e-11
6 93 -4.14984e-11
7 92 1.34253e-11
7 93 -8.69486e-11
6 94 -1.45392e-11
6 95 1.63382e-11
7 94 -3.30820e-11
7 95 3.72465e-12
6 96 -1.77977e-12
6 97 -9.38671e-12
7 96 3.25178e-13
7 97 -4.80494e-11
6 98 -7.13246e-12
6 99 -2.10188e-11
7 98 -5.66951e-11
7 99 2.90415e-11
8 0 6.87951e-08
8 1 -3.17201e-07
9 0 -2.14588e-07
9 1 6.60604e-07
8 2 4.67562e-10
8 3 1.76637e-11
9 2 7.55362e-10
9 3 1.93389e-09
8 4 5.07466e-10
8 5 -1.63206e-10
9 4 3.55254e-10
9 5 1.82952e-10
8 6 8.10106e-10
8 7 -1.66474e-10
9 6 6.44939e-10
9 7 2.22948e-09
8 8 2.09536e-09
8 9 -1.23322e-09
9 8 -1.23322e-09
9 9 9.68977e-09
8 10 3.61060e-10
8 11 2.52625e-10
9 10 7.10536e-11
9 11 1.84062e-09
8 12 1.07487e-10
8 13 -7.07989e-12
9 12 -1.21232e-10
9 13 2.98656e-10
8 14 2.74867e-11
8 15 -2.32600e-10
9 14 -1.06794e-10
9 15 4.26261e-10
8 16 2.21169e-11
8 17 -1.94175e-10
9 16 1.39021e-10
9 17 -8.63857e-12
8 18 1.61797e-11
8 19 -7.11370e-11
9 18 1.01621e-10
9 19 6.02673e-11
8 20 -1.36783e-11
8 21 -6.59746e-11
9 20 -5.32307e-11
9 21 2.02054e-10
8 22 -3.48415e-11
8 23 -4.30057e-11
9 22 5.27632e-11
9 23 4.10061e-10
8 24 6.32171e-12
8 25 -8.77839e-11
9 24 6.19285e-11
9 25 8.72472e-11
8 26 -3.42823e-12
8 27 -1.04214e-10
9 26 8.19686e-11
9 27 9.74542e-11
8 28 -7.62082e-12
8 29 -1.49802e-10
9 28 5.47094e-11
9 29 -1.41072e-11
8 30 -4.28216e-11
8 31 -4.65547e-11
9 30 -3.02745e-11
9 31 1.80021e-11
8 32 -3.88233e-12
8 33 -4.28024e-11
9 32 -9.59062e-12
9 33 1.05218e-11
8 34 -2.82573e-11
8 35 3.11325e-11
9 34 2.87090e-11
9 35 -2.41843e-10
8 36 -1.35654e-11
8 37 -8.32824e-12
9 36 -2.44983e-11
9 37 -1.39217e-10
8 38 -3.95946e-11
8 39 1.15968e-11
9 38 7.55398e-12
9 39 -3.41337e-11
8 40 -1.90144e-11
8 41 -4.88095e-11
9 40 1.46748e-11
9 41 -1.19228e-11
8 42 2.64831e-12
8 43 -5.68753e-11
9 42 -9.68137e-12
9 43 9.41867e-11
8 44 1.98423e-11
8 45 -6.56186e-11
9 44 -9.16197e-12
9 45 3.10891e-11
8 46 4.91850e-11
8 47 4.39532e-14
9 46 -3.83291e-11
9 47 -2.92910e-11
8 48 3.53341e-11
8 49 -2.24050e-11
9 48 1.32728e-13
9 49 -6.80115e-11
8 50 1.29958e-11
8 51 5.45254e-12
9 50 -1.51358e-11
9 51 1.71333e-11
8 52 9.67237e-12
8 53 -1.59261e-12
9 52 -7.09976e-12
9 53 -7.73355e-11
8 54 1.73920e-11
8 55 -5.21921e-12
9 54 3.75856e-11
9 55 -1.23956e-10
8 56 -2.21831e-12
8 57 3.98205e-11
9 56 2.44137e-11
9 57 -9.22181e-11
8 58 -4.77996e-12
8 59 4.99354e-11
9 58 1.41414e-11
9 59 -9.19996e-11
8 60 -2.19998e-11
8 61 -1.20371e-11
9 60 7.02429e-11
9 61 -1.04200e-10
8 62 1.94771e-11
8 63 9.42012e-12
9 62 -2.36371e-11
9 63 2.75892e-11
8 64 -2.24242e-11
8 65 -8.93989e-12
9 64 3.10428e-11
9 65 -7.45014e-12
8 66 -1.70126e-11
8 67 -8.01750e-12
9 66 7.37129e-11
9 67 -7.55469e-11
8 68 -2.85818e-12
8 69 1.94215e-11
9 68 1.47494e-11
9 69 -1.12769e-11
8 70 -7.74395e-12
8 71 -2.26782e-11
9 70 6.04958e-11
9 71 -3.66795e-11
8 72 -3.21073e-12
8 73 7.97102e-12
9 72 2.97185e-11
9 73 -6.02155e-11
8 74 4.92995e-12
8 75 -6.13851e-12
9 74 2.49964e-11
9 75 -5.51256e-12
8 76 7.83191e-12
8 77 2.34288e-11
9 76 -4.24627e-11
9 77 1.71703e-11
8 78 -2.60075e-12
8 79 -1.48942e-11
9 78 -1.38002e-11
9 79 4.42771e-11
8 80 -1.95342e-11
8 81 -1.37222e-11
9 80 1.04757e-11
9 81 -1.33715e-11
8 82 -8.76502e-12
8 83 5.11470e-12
9 82 3.91584e-11
9 83 4.85971e-11
8 84 5.01174e-12
8 85 -3.16893e-11
9 84 3.49274e-12
9 85 -4.52814e-11
8 86 -8.10699e-13
8 87 -9.17066e-12
9 86 1.49529e-11
9 87 -4.28373e-11
8 88 5.71290e-12
8 89 5.87791e-12
9 88 -1.60239e-11
9 89 -1.08818e-11
8 90 1.06460e-11
8 91 -1.47418e-11
9 90 -2.65214e-11
9 91 -2.18660e-11
8 92 2.23253e-12
8 93 -8.46470e-12
9 92 1.94079e-11
9 93 -1.03957e-10
8 94 -2.83908e-12
8 95 1.92664e-11
9 94 -1.67199e-11
9 95 -7.14116e-11
8 96 -1.36145e-12
8 97 8.22254e-12
9 96 2.86411e-11
9 97 -8.05551e-11
8 98 1.40953e-11
8 99 3.68130e-12
9 98 -2.43337e-11
9 99 2.65410e-11
10 0 -4.81006e-08
10 1 1.40745e-07
11 0 4.76674e-08
11 1 -2.33193e-07
10 2 1.61225e-10
10 3 1.78189e-10
11 2 -1.67757e-10
11 3 2.61851e-10
10 4 2.80286e-10
10 5 -3.16473e-10
11 4 -2.31924e-11
11 5 -9.08849e-11
10 6 9.69419e-11
10 7 1.68561e-10
11 6 4.73670e-10
11 7 -2.76271e-10
10 8 3.61060e-10
10 9 7.10536e-11
11 8 2.52625e-10
11 9 1.84062e-09
10 10 1.53443e-09
10 11 -9.57289e-10
11 10 -9.57289e-10
11 11 7.00781e-09
10 12 3.85999e-10
10 13 -3.06016e-11
11 12 -1.48627e-10
11 13 1.35141e-09
10 14 7.10815e-11
10 15 -1.01441e-10
11 14 -1.24847e-10
11 15 5.43926e-10
10 16 3.34871e-11
10 17 -2.27513e-10
11 16 1.31262e-10
11 17 -1.30953e-10
10 18 9.36877e-12
10 19 -5.83265e-11
11 18 5.12433e-11
11 19 9.82173e-11
10 20 2.47870e-11
10 21 -1.10431e-10
11 20 -3.42930e-12
11 21 2.03415e-10
10 22 -1.63055e-11
10 23 -1.03015e-10
11 22 4.52070e-11
11 23 1.52792e-10
10 24 2.11691e-11
10 25 -7.72980e-11
11 24 -5.21532e-11
11 25 6.37746e-11
10 26 -2.69371e-11
10 27 -1.37576e-10
11 26 1.57443e-12
11 27 3.14865e-11
10 28 1.88068e-12
10 29 -1.21139e-10
11 28 -3.36713e-11
11 29 1.44132e-10
10 30 -4.10229e-11
10 31 -9.33069e-11
11 30 -1.74840e-11
11 31 -4.58984e-11
10 32 -3.22914e-11
10 33 -2.20275e-12
11 32 2.31708e-11
11 33 -3.36439e-11
10 34 -4.22726e-11
10 35 -5.54537e-11
11 34 4.53259e-11
11 35 -2.82569e-11
10 36 -4.86267e-11
10 37 -1.74735e-11
11 36 -1.25511e-12
11 37 -2.77436e-11
10 38 -1.84974e-11
10 39 -6.69710e-11
11 38 1.25900e-12
11 39 6.17582e-11
10 40 9.50222e-13
10 41 -6.19038e-11
11 40 2.97409e-11
11 41 8.36516e-11
10 42 -6.83934e-12
10 43 -3.09923e-11
11 42 1.49280e-11
11 43 3.27225e-11
10 44 -1.53194e-11
10 45 3.12333e-11
11 44 1.91804e-11
11 45 -5.75713e-12
10 46 1.36680e-11
10 47 -2.43350e-11
11 46 -9.69181e-12
11 47 6.93204e-11
10 48 2.23982e-11
10 49 -6.86047e-12
11 48 2.92451e-11
11 49 2.94847e-11
10 50 1.81572e-11
10 51 -1.88412e-11
11 50 -3.70041e-12
11 51 -7.97073e-12
10 52 -1.57136e-11
10 53 -5.33226e-12
11 52 3.14718e-11
11 53 6.24092e-11
10 54 -1.45637e-11
10 55 2.50128e-11
11 54 2.52054e-11
11 55 -1.64090e-11
10 56 -1.48487e-11
10 57 1.00514e-11
11 56 2.39274e-12
11 57 1.60765e-11
10 58 -3.25643e-11
10 59 3.09457e-11
11 58 3.17008e-11
11 59 -1.09576e-11
10 60 6.20099e-12
10 61 -3.89080e-11
11 60 1.85236e-11
11 61 -3.36800e-11
10 62 1.00327e-11
10 63 -3.64107e-11
11 62 -4.15172e-11
11 63 2.99048e-11
10 64 -4.06066e-12
10 65 3.58342e-12
11 64 -1.76015e-11
11 65 -7.16401e-11
10 66 -3.58471e-12
10 67 -1.22791e-11
11 66 1.71931e-11
11 67 -1.01979e-10
10 68 2.56634e-12
10 69 -1.66954e-11
11 68 2.48847e-11
11 69 -1.10460e-10
10 70 -1.27061e-11
10 71 -2.93628e-11
11 70 4.81244e-11
11 71 4.04194e-12
10 72 -1.30075e-12
10 73 -1.67449e-11
11 72 2.24218e-11
11 73 3.05056e-11
10 74 3.56182e-12
10 75 -2.08142e-11
11 74 1.88346e-11
11 75 2.51380e-11
10 76 7.12327e-13
10 77 -1.53637e-11
11 76 -1.30694e-11
11 77 -9.92596e-12
10 78 -3.67279e-12
10 79 -2.72141e-12
11 78 -6.71589e-12
11 79 -7.24898e-11
10 80 -1.25041e-11
10 81 -2.72151e-11
11 80 -1.11964e-11
11 81 6.26591e-11
10 82 -1.31122e-11
10 83 4.45448e-12
11 82 -7.08232e-13
11 83 7.80896e-12
10 84 9.67298e-13
10 85 -3.79745e-11
11 84 2.98303e-11
11 85 -4.21534e-11
10 86 8.12939e-12
10 87 -1.50687e-11
11 86 -4.78929e-12
11 87 -5.98440e-11
10 88 1.79961e-12
10 89 5.57641e-12
11 88 -9.88654e-12
11 89 -1.50526e-11
10 90 7.27475e-13
10 91 1.98026e-12
11 90 -9.43800e-12
11 91 -4.88861e-11
10 92 -2.55879e-12
10 93 7.88214e-12
11 92 7.61731e-12
11 93 -1.36843e-10
10 94 -3.10154e-12
10 95 2.25055e-11
11 94 -1.45705e-11
11 95 -6.73243e-11
10 96 -1.31359e-11
10 97 2.40540e-11
11 96 2.81005e-11
11 97 -6.72972e-11
10 98 -1.22778e-11
10 99 3.31565e-11
11 98 2.85047e-12
11 99 -3.52582e-11
12 0 -2.83270e-08
12 1 8.09798e-08
13 0 2.25121e-08
13 1 -5.00459e-08
12 2 9.02759e-11
12 3 4.93248e-10
13 2 -1.06409e-10
13 3 -4.89755e-10
12 4 1.29751e-10
12 5 7.86575e-11
13 4 -2.10396e-10
13 5 -2.77355e-10
12 6 2.88253e-11
12 7 -5.27623e-11
13 6 1.10325e-10
13 7 -1.90305e-10
12 8 1.07487e-10
12 9 -1.21232e-10
13 8 -7.07989e-12
13 9 2.98656e-10
12 10 3.85999e-10
12 11 -1.48627e-10
13 10 -3.06016e-11
13 11 1.35141e-09
12 12 1.12054e-09
12 13 -6.14411e-10
13 12 -6.14411e-10
13 13 4.65441e-09
12 14 2.25852e-10
12 15 3.77834e-11
13 14 -1.63117e-10
13 15 1.23163e-09
12 16 3.19776e-11
12 17 -7.60721e-11
13 16 4.58608e-11
13 17 2.03144e-10
12 18 -3.10036e-11
12 19 1.11977e-11
13 18 2.74384e-11
13 19 -1.26406e-10
12 20 -4.36273e-11
12 21 -7.13843e-11
13 20 1.15219e-10
13 21 -1.36770e-10
12 22 -1.10017e-11
12 23 -1.32662e-10
13 22 2.64821e-11
13 23 1.04502e-10
12 24 8.15672e-12
12 25 -1.06761e-10
13 24 -1.19115e-11
13 25 1.46448e-10
12 26 -2.49376e-11
12 27 -1.01245e-10
13 26 -1.95037e-11
13 27 -3.57992e-12
12 28 5.92767e-13
12 29 -1.20959e-10
13 28 -7.56538e-11
13 29 2.35808e-11
12 30 -7.20424e-12
12 31 -4.94747e-11
13 30 -1.83187e-11
13 31 -1.16681e-10
12 32 -4.42273e-12
12 33 -4.82147e-11
13 32 2.18412e-11
13 33 -9.35370e-11
12 34 -1.66862e-11
12 35 -2.60260e-12
13 34 -5.67484e-12
13 35 -2.82025e-11
12 36 -3.79437e-12
12 37 3.03057e-13
13 36 -2.77347e-11
13 37 -1.14462e-12
12 38 1.78093e-11
12 39 -2.06166e-11
13 38 -4.79597e-11
13 39 9.12614e-11
12 40 -5.64587e-12
12 41 1.03489e-11
13 40 2.10156e-12
13 41 5.50490e-11
12 42 2.68617e-12
12 43 -1.71380e-11
13 42 2.28166e-11
13 43 -5.66331e-13
12 44 -1.69218e-11
12 45 3.14526e-11
13 44 1.97428e-11
13 45 -8.36807e-11
12 46 7.81236e-12
12 47 -3.57469e-11
13 46 7.56097e-12
13 47 3.57586e-11
12 48 -1.15219e-11
12 49 3.18779e-12
13 48 -1.46938e-11
13 49 9.17088e-11
12 50 -2.09950e-11
12 51 2.05987e-11
13 50 1.82432e-11
13 51 -6.48280e-11
12 52 -6.50002e-12
12 53 5.91676e-11
13 52 -4.25771e-12
13 53 3.08884e-11
12 54 -1.37803e-11
12 55 3.98547e-11
13 54 -6.07455e-12
13 55 -1.83194e-11
12 56 4.82835e-12
12 57 1.60670e-11
13 56 -3.73232e-12
13 57 -8.53791e-11
12 58 -2.65287e-12
12 59 3.42877e-11
13 58 8.66837e-12
13 59 -3.98987e-11
12 60 1.48281e-11
12 61 5.77760e-12
13 60 -2.83104e-12
13 61 -2.18217e-11
12 62 1.24532e-11
12 63 6.50138e-13
13 62 -3.96897e-11
13 63 -3.59485e-11
12 64 2.55856e-13
12 65 2.79592e-12
13 64 -3.48915e-11
13 65 -5.77554e-11
12 66 1.80439e-11
12 67 -2.59399e-11
13 66 -2.58414e-11
13 67 -4.56850e-12
12 68 1.17447e-12
12 69 3.31576e-12
13 68 1.41134e-12
13 69 -5.80161e-11
12 70 7.08350e-12
12 71 1.96187e-11
13 70 -1.95123e-11
13 71 8.73062e-12
12 72 -9.37482e-13
12 73 1.50147e-11
13 72 1.33723e-11
13 73 -1.87502e-11
12 74 3.37172e-12
12 75 2.32588e-12
13 74 4.29774e-12
13 75 -1.13750e-11
12 76 1.58522e-11
12 77 -3.41734e-11
13 76 -6.06947e-12
13 77 3.05488e-11
12 78 2.85922e-12
12 79 -1.68664e-11
13 78 2.66814e-11
13 79 -7.42199e-12
12 80 -1.23234e-12
12 81 -2.05892e-11
13 80 1.89783e-11
13 81 2.67602e-11
12 82 -1.15107e-11
12 83 1.10174e-11
13 82 2.02902e-11
13 83 1.05131e-12
12 84 3.16577e-12
12 85 -2.13519e-11
13 84 5.54158e-12
13 85 1.08365e-12
12 86 1.84389e-12
12 87 -1.27331e-11
13 86 8.06891e-12
13 87 1.56983e-11
12 88 4.51775e-12
12 89 -2.10558e-11
13 88 1.31744e-11
13 89 1.20592e-11
12 90 -5.21538e-12
12 91 1.42592e-11
13 90 1.75557e-12
13 91 3.23835e-11
12 92 -6.11206e-12
12 93 7.92899e-12
13 92 2.85809e-11
13 93 -3.66184e-11
12 94 6.83996e-12
12 95 1.02422e-11
13 94 -1.07640e-11
13 95 -1.75643e-11
12 96 -3.43352e-12
12 97 -9.84998e-12
13 96 -3.55629e-13
13 97 1.07707e-11
12 98 -9.04837e-12
12 99 1.34343e-11
13 98 -1.47151e-11
13 99 -3.18243e-12
14 0 8.31078e-09
14 1 -4.79602e-08
15 0 -4.86615e-08
15 1 1.45200e-07
14 2 2.08021e-10
14 3 -2.48001e-10
15 2 -4.69823e-10
15 3 3.08892e-10
14 4 9.46898e-12
14 5 9.95967e-11
15 4 -1.39876e-10
15 5 -2.78399e-10
14 6 4.79505e-11
14 7 -5.13508e-11
15 6 1.83713e-12
15 7 -1.91936e-10
14 8 2.74867e-11
14 9 -1.06794e-10
15 8 -2.32600e-10
15 9 4.26261e-10
14 10 7.10815e-11
14 11 -1.24847e-10
15 10 -1.01441e-10
15 11 5.43926e-10
14 12 2.25852e-10
14 13 -1.63117e-10
15 12 3.77834e-11
15 13 1.23163e-09
14 14 9.03830e-10
14 15 -6.39296e-10
15 14 -6.39296e-10
15 15 3.99811e-09
14 16 1.50728e-10
14 17 5.00048e-11
15 16 3.71846e-11
15 17 6.41193e-10
14 18 4.15242e-11
14 19 -2.57866e-11
15 18 -6.99735e-11
15 19 2.62912e-10
14 20 4.90560e-11
14 21 -3.46311e-11
15 20 -1.36891e-11
15 21 1.81372e-10
14 22 -1.49819e-11
14 23 1.36843e-11
15 22 -2.69405e-11
15 23 5.86995e-11
14 24 1.48055e-11
14 25 -2.01120e-11
15 24 3.68637e-11
15 25 3.51085e-11
14 26 1.57651e-11
14 27 -8.29457e-11
15 26 -3.18585e-11
15 27 5.77087e-11
14 28 2.32709e-12
14 29 -7.20803e-11
15 28 -4.86549e-11
15 29 -1.97291e-11
14 30 -5.10808e-12
14 31 -6.39636e-11
15 30 1.91464e-11
15 31 -2.99601e-11
14 32 -3.47577e-11
14 33 -4.78466e-11
15 32 8.86505e-11
15 33 -3.11679e-11
14 34 1.71003e-13
14 35 -4.19970e-11
15 34 2.70738e-11
15 35 -7.50305e-11
14 36 -9.82341e-12
14 37 -6.96766e-11
15 36 1.91408e-11
15 37 3.87248e-11
14 38 -1.22460e-11
14 39 -1.58170e-11
15 38 3.51921e-11
15 39 3.01565e-11
14 40 -2.50944e-12
14 41 -8.33184e-11
15 40 -2.87820e-12
15 41 1.66901e-10
14 42 4.26964e-12
14 43 -3.23424e-11
15 42 -1.19297e-11
15 43 3.33739e-11
14 44 -1.98960e-11
14 45 -1.39262e-11
15 44 9.43240e-12
15 45 -5.96996e-11
14 46 -6.00760e-12
14 47 -6.10391e-11
15 46 -5.85306e-12
15 47 5.79515e-11
14 48 -1.89080e-11
14 49 -1.31433e-11
15 48 2.72349e-12
15 49 6.19663e-11
14 50 -3.58246e-12
14 51 2.07716e-12
15 50 -1.98715e-11
15 51 -1.43131e-12
14 52 -1.29945e-11
14 53 -1.82193e-11
15 52 7.62286e-12
15 53 1.63252e-11
14 54 1.46809e-12
14 55 -1.39140e-11
15 54 -5.25238e-12
15 55 -2.43967e-11
14 56 1.31685e-13
14 57 -9.90710e-12
15 56 -1.08557e-11
15 57 -4.90927e-11
14 58 5.81864e-12
14 59 -1.01166e-11
15 58 -4.87360e-12
15 59 2.82720e-12
14 60 -1.86639e-12
14 61 -2.17947e-12
15 60 3.06629e-11
15 61 -1.86630e-11
14 62 1.93495e-11
14 63 -2.83140e-11
15 62 -3.85433e-11
15 63 5.15697e-11
14 64 1.44613e-11
14 65 -1.06124e-11
15 64 -5.00948e-11
15 65 6.65232e-11
14 66 1.18521e-12
14 67 -2.19603e-11
15 66 2.75275e-12
15 67 2.08331e-12
14 68 3.49902e-12
14 69 4.60172e-12
15 68 -7.58481e-12
15 69 -3.27637e-11
14 70 -2.83180e-12
14 71 -4.62691e-12
15 70 1.03666e-11
15 71 -3.67065e-11
14 72 -5.63427e-12
14 73 1.83098e-11
15 72 7.78251e-12
15 73 -1.44627e-11
14 74 -1.18558e-12
14 75 1.72061e-11
15 74 -2.93513e-12
15 75 1.07962e-11
14 76 1.89626e-12
14 77 3.10086e-11
15 76 1.21850e-12
15 77 -1.17287e-11
14 78 -5.98656e-12
14 79 1.49510e-11
15 78 1.84871e-11
15 79 -3.10142e-12
14 80 -4.71500e-12
14 81 -2.12603e-11
15 80 9.38495e-12
15 81 2.93615e-11
14 82 1.64048e-12
14 83 -1.01002e-11
15 82 1.09677e-11
15 83 4.97350e-11
14 84 8.19901e-13
14 85 4.18470e-12
15 84 1.47047e-12
15 85 5.94990e-12
14 86 4.54648e-12
14 87 -5.82305e-12
15 86 6.76738e-12
15 87 4.94779e-12
14 88 9.69825e-12
14 89 -3.86012e-12
15 88 -2.03224e-11
15 89 5.07734e-12
14 90 -7.70736e-12
14 91 1.87849e-11
15 90 -8.95363e-12
15 91 8.32085e-12
14 92 6.08412e-12
14 93 9.95916e-12
15 92 8.81621e-12
15 93 4.20524e-11
14 94 4.87635e-12
14 95 2.46561e-11
15 94 -2.31752e-12
15 95 2.50868e-11
14 96 5.67565e-12
14 97 2.70523e-12
15 96 1.67382e-11
15 97 -2.77097e-11
14 98 1.55393e-11
14 99 -9.02221e-12
15 98 -1.83130e-11
15 99 -1.39959e-12
16 0 7.09210e-09
16 1 1.91446e-09
17 0 1.51643e-07
17 1 -5.40088e-07
16 2 -2.76333e-11
16 3 1.11651e-10
17 2 -4.51797e-11
17 3 3.14453e-11
16 4 2.85392e-11
16 5 1.87321e-10
17 4 -2.11406e-10
17 5 -6.04892e-11
16 6 1.28643e-10
16 7 -4.47016e-11
17 6 -6.78528e-11
17 7 1.24128e-10
16 8 2.21169e-11
16 9 1.39021e-10
17 8 -1.94175e-10
17 9 -8.63857e-12
16 10 3.34871e-11
16 11 1.31262e-10
17 10 -2.27513e-10
17 11 -1.30953e-10
16 12 3.19776e-11
16 13 4.58608e-11
17 12 -7.60721e-11
17 13 2.03144e-10
16 14 1.50728e-10
16 15 3.71846e-11
17 14 5.00048e-11
17 15 6.41193e-10
16 16 6.22866e-10
16 17 -3.38458e-10
17 16 -3.38458e-10
17 17 2.85495e-09
16 18 1.27320e-10
16 19 4.35786e-11
17 18 -7.26998e-12
17 19 5.25825e-10
16 20 3.51339e-11
16 21 9.22859e-12
17 20 1.79623e-11
17 21 8.14797e-11
16 22 -8.12486e-13
16 23 2.76768e-11
17 22 -2.28733e-12
17 23 4.81650e-11
16 24 2.82554e-11
16 25 -1.55081e-11
17 24 -4.27524e-11
17 25 8.61651e-11
16 26 -1.27495e-11
16 27 -3.30606e-11
17 26 1.07698e-11
17 27 1.04885e-10
16 28 -6.38939e-12
16 29 -5.10718e-11
17 28 -6.89167e-12
17 29 9.25751e-11
16 30 -2.01987e-11
16 31 3.03150e-11
17 30 3.75382e-11
17 31 -7.01829e-11
16 32 4.61329e-12
16 33 -1.43179e-11
17 32 -3.45261e-11
17 33 -3.50120e-11
16 34 5.79017e-12
16 35 -5.29428e-11
17 34 -8.90738e-12
17 35 3.86800e-11
16 36 -4.68929e-12
16 37 -7.36370e-11
17 36 2.12639e-11
17 37 -4.99743e-11
16 38 -1.92403e-11
16 39 -3.12212e-11
17 38 1.64185e-11
17 39 -6.56802e-12
16 40 2.24849e-13
16 41 -6.92577e-11
17 40 -7.03237e-13
17 41 4.87311e-12
16 42 3.67659e-12
16 43 -3.27347e-11
17 42 -2.80933e-11
17 43 -2.36557e-11
16 44 -7.10713e-12
16 45 -2.67196e-11
17 44 -8.88182e-12
17 45 -7.72793e-11
16 46 -1.48109e-11
16 47 -2.07767e-11
17 46 -2.86450e-11
17 47 1.66193e-11
16 48 -1.44078e-11
16 49 -1.94621e-11
17 48 -7.67905e-12
17 49 -5.22531e-11
16 50 -7.23307e-12
16 51 -2.27379e-11
17 50 -6.08028e-12
17 51 -2.51898e-11
16 52 -5.02610e-12
16 53 -4.49310e-12
17 52 -2.74550e-12
17 53 -1.06246e-12
16 54 5.70017e-13
16 55 -3.64108e-12
17 54 3.32442e-11
17 55 8.70767e-13
16 56 -1.23293e-12
16 57 -4.33584e-12
17 56 6.63242e-12
17 57 -1.12686e-11
16 58 2.84300e-12
16 59 -2.46161e-11
17 58 9.02952e-12
17 59 -3.32462e-11
16 60 -2.14399e-12
16 61 -1.19915e-11
17 60 2.36456e-11
17 61 -2.81859e-11
16 62 4.00474e-12
16 63 -3.76553e-11
17 62 -1.63014e-12
17 63 3.76008e-11
16 64 8.73579e-12
16 65 -1.38223e-11
17 64 5.13112e-12
17 65 1.47460e-11
16 66 5.40533e-12
16 67 -2.93492e-11
17 66 1.50279e-11
17 67 -1.77680e-11
16 68 -1.01313e-11
16 69 -6.26644e-12
17 68 2.41459e-11
17 69 5.29371e-12
16 70 4.35303e-12
16 71 -3.64193e-11
17 70 1.65808e-11
17 71 1.78161e-12
16 72 -8.66652e-12
16 73 -1.88869e-11
17 72 4.44553e-12
17 73 1.50736e-11
16 74 5.65625e-12
16 75 -2.47005e-12
17 74 4.88845e-12
17 75 2.25165e-12
16 76 1.32770e-12
16 77 5.53504e-12
17 76 2.43465e-12
17 77 1.38406e-11
16 78 -6.20996e-12
16 79 3.74311e-12
17 78 7.61295e-12
17 79 -1.92164e-11
16 80 7.94000e-12
16 81 -1.01929e-12
17 80 -1.16560e-11
17 81 -1.44570e-11
16 82 1.04467e-11
16 83 -1.65428e-11
17 82 2.07932e-12
17 83 3.54347e-11
16 84 -7.93775e-12
16 85 4.15611e-13
17 84 6.24251e-12
17 85 1.94562e-11
16 86 -6.80702e-12
16 87 1.04327e-11
17 86 1.64384e-11
17 87 -2.45674e-11
16 88 -3.47515e-12
16 89 -9.90388e-12
17 88 4.00941e-12
17 89 1.58883e-11
16 90 -1.65033e-11
16 91 9.25739e-12
17 90 3.00644e-12
17 91 2.05521e-11
16 92 7.35844e-12
16 93 6.51164e-13
17 92 -4.39177e-12
17 93 2.66253e-11
16 94 -1.01074e-11
16 95 1.84436e-11
17 94 4.50371e-12
17 95 4.19693e-11
16 96 3.61190e-12
16 97 -1.36607e-11
17 96 -1.06872e-11
17 97 1.76749e-11
16 98 4.43299e-12
16 99 -9.40242e-12
17 98 -1.75748e-12
17 99 -4.19403e-12
18 0 5.99742e-08
18 1 -1.97802e-07
19 0 -3.06332e-08
19 1 1.70753e-07
18 2 7.85033e-11
18 3 -3.44276e-11
19 2 2.89849e-10
19 3 -6.10744e-10
18 4 -5.67310e-11
18 5 -1.08283e-10
19 4 -1.07312e-10
19 5 4.26369e-10
18 6 6.03227e-11
18 7 -1.03869e-10
19 6 -1.51284e-10
19 7 3.50111e-10
18 8 1.61797e-11
18 9 1.01621e-10
19 8 -7.11370e-11
19 9 6.02673e-11
18 10 9.36877e-12
18 11 5.12433e-11
19 10 -5.83265e-11
19 11 9.82173e-11
18 12 -3.10036e-11
18 13 2.74384e-11
19 12 1.11977e-11
19 13 -1.26406e-10
18 14 4.15242e-11
18 15 -6.99735e-11
19 14 -2.57866e-11
19 15 2.62912e-10
18 16 1.27320e-10
18 17 -7.26998e-12
19 16 4.35786e-11
19 17 5.25825e-10
18 18 5.47814e-10
18 19 -3.19195e-10
19 18 -3.19195e-10
19 19 2.30852e-09
18 20 1.52807e-10
18 21 2.80937e-12
19 20 -6.11921e-11
19 21 5.88861e-10
18 22 3.36500e-11
18 23 2.23857e-11
19 22 2.23953e-11
19 23 2.20676e-11
18 24 2.78237e-12
18 25 -4.51729e-11
19 24 1.12519e-11
19 25 4.62833e-11
18 26 -3.37829e-11
18 27 -5.35916e-12
19 26 -3.82493e-13
19 27 8.30647e-11
18 28 -1.99560e-11
18 29 -3.04496e-11
19 28 5.12332e-11
19 29 7.65602e-11
18 30 -2.13222e-11
18 31 -2.68453e-11
19 30 7.16245e-11
19 31 7.65128e-11
18 32 1.30171e-12
18 33 -9.83555e-11
19 32 -1.23299e-11
19 33 7.43075e-11
18 34 -1.12936e-11
18 35 -4.76414e-11
19 34 4.88680e-11
19 35 1.08832e-10
18 36 -9.72398e-12
18 37 -6.91005e-11
19 36 3.24669e-11
19 37 -4.54060e-12
18 38 7.79958e-12
18 39 -8.76937e-11
19 38 -1.05012e-12
19 39 7.94631e-11
18 40 8.72377e-12
18 41 -6.19284e-11
19 40 -2.13455e-13
19 41 3.85866e-11
18 42 -1.23279e-11
18 43 1.08042e-11
19 42 -9.65790e-12
19 43 -4.17046e-11
18 44 -7.92489e-12
18 45 -5.01631e-11
19 44 -9.27672e-12
19 45 1.59473e-11
18 46 -2.75668e-11
18 47 -4.13099e-11
19 46 -1.33212e-11
19 47 4.68802e-11
18 48 -1.68127e-11
18 49 -5.87056e-11
19 48 8.05990e-12
19 49 6.58723e-11
18 50 -1.63705e-11
18 51 -2.42696e-11
19 50 -1.20409e-11
19 51 4.60626e-11
18 52 -6.22287e-12
18 53 -2.58697e-11
19 52 -2.34647e-12
19 53 5.80812e-11
18 54 -1.14562e-11
18 55 -1.51724e-11
19 54 2.88719e-12
19 55 2.72629e-11
18 56 -5.74637e-12
18 57 -6.36569e-13
19 56 1.06012e-11
19 57 8.10804e-12
18 58 -4.42737e-12
18 59 -6.93895e-12
19 58 1.33706e-11
19 59 -1.53463e-11
18 60 -9.04251e-12
18 61 -1.39030e-11
19 60 6.46133e-12
19 61 -1.39154e-12
18 62 6.43115e-12
18 63 1.21785e-11
19 62 -1.58980e-11
19 63 1.54075e-11
18 64 1.16678e-11
18 65 -1.05809e-11
19 64 -1.44786e-11
19 65 1.57959e-11
18 66 -2.67443e-12
18 67 -3.84120e-12
19 66 7.72414e-12
19 67 -3.31185e-11
18 68 7.94119e-13
18 69 -3.15269e-12
19 68 -8.75828e-12
19 69 3.57242e-12
18 70 1.21426e-12
18 71 2.07993e-11
19 70 9.51153e-12
19 71 -4.19946e-11
18 72 -2.37680e-12
18 73 6.16117e-12
19 72 1.53840e-11
19 73 6.67144e-12
18 74 8.22035e-12
18 75 -1.08170e-11
19 74 1.04573e-11
19 75 3.54078e-12
18 76 -1.47191e-12
18 77 -1.28498e-11
19 76 1.70034e-11
19 77 -1.58924e-11
18 78 -5.87658e-12
18 79 -2.90176e-12
19 78 1.43200e-11
19 79 -1.73401e-12
18 80 -1.85990e-12
18 81 3.71757e-12
19 80 4.57461e-12
19 81 2.36141e-11
18 82 -5.74669e-13
18 83 2.83603e-12
19 82 1.50283e-11
19 83 2.54449e-11
18 84 4.11798e-12
18 85 1.52170e-12
19 84 -1.04165e-11
19 85 2.17661e-11
18 86 5.59296e-12
18 87 -1.12460e-11
19 86 3.91405e-13
19 87 1.35616e-12
18 88 4.81527e-13
18 89 -8.74201e-12
19 88 -8.54481e-12
19 89 1.73365e-11
18 90 -8.28614e-12
18 91 2.50615e-12
19 90 -1.38669e-11
19 91 5.33519e-11
18 92 -1.48532e-12
18 93 3.35448e-12
19 92 4.38968e-13
19 93 -7.59592e-13
18 94 -3.60289e-12
18 95 -2.10211e-12
19 94 5.99891e-12
19 95 3.02033e-11
18 96 8.82799e-13
18 97 2.51353e-12
19 96 6.21434e-12
19 97 -1.69766e-11
18 98 6.71041e-12
18 99 -1.05705e-11
19 98 -2.25361e-11
19 99 4.18474e-11
20 0 -2.78425e-08
20 1 8.47121e-08
21 0 7.46220e-08
21 1 -2.86924e-07
20 2 -4.06239e-11
20 3 1.40036e-10
21 2 -9.61967e-11
21 3 7.43179e-11
20 4 -5.53050e-11
20 5 1.65332e-10
21 4 -2.55820e-10
21 5 -1.34772e-10
20 6 -2.64540e-11
20 7 1.55205e-10
21 6 -2.63296e-10
21 7 5.47321e-11
20 8 -1.36783e-11
20 9 -5.32307e-11
21 8 -6.59746e-11
21 9 2.02054e-10
20 10 2.47870e-11
20 11 -3.42930e-12
21 10 -1.10431e-10
21 11 2.03415e-10
20 12 -4.36273e-11
20 13 1.15219e-10
21 12 -7.13843e-11
21 13 -1.36770e-10
20 14 4.90560e-11
20 15 -1.36891e-11
21 14 -3.46311e-11
21 15 1.81372e-10
20 16 3.51339e-11
20 17 1.79623e-11
21 16 9.22859e-12
21 17 8.14797e-11
20 18 1.52807e-10
20 19 -6.11921e-11
21 18 2.80937e-12
21 19 5.88861e-10
20 20 4.42623e-10
20 21 -2.41202e-10
21 20 -2.41202e-10
21 21 1.93951e-09
20 22 9.11328e-11
20 23 7.13392e-11
21 22 6.52035e-11
21 23 3.44353e-10
20 24 9.71570e-12
20 25 -1.67208e-11
21 24 1.84173e-11
21 25 7.99704e-11
20 26 -1.33772e-11
20 27 -2.78223e-11
21 26 2.50747e-11
21 27 1.22888e-10
20 28 2.82574e-13
20 29 -5.23913e-11
21 28 3.87597e-11
21 29 1.20326e-10
20 30 -1.37753e-11
20 31 -7.37149e-12
21 30 3.88365e-11
21 31 6.12450e-11
20 32 -6.32347e-12
20 33 -2.12762e-11
21 32 1.41655e-11
21 33 6.39146e-11
20 34 1.50873e-11
20 35 -6.57957e-11
21 34 4.28981e-11
21 35 1.77994e-11
20 36 -9.09515e-12
20 37 -3.05229e-11
21 36 2.49025e-11
21 37 -4.95438e-12
20 38 -1.41087e-11
20 39 -3.47826e-11
21 38 4.40356e-11
21 39 1.06617e-11
20 40 1.70561e-12
20 41 -4.41273e-11
21 40 -4.15183e-12
21 41 1.20770e-13
20 42 -9.90004e-12
20 43 2.46716e-12
21 42 2.60130e-12
21 43 4.04350e-12
20 44 -1.53659e-11
20 45 -9.38150e-12
21 44 1.69530e-11
21 45 -1.11083e-11
20 46 -1.64159e-11
20 47 -3.84411e-11
21 46 8.64308e-12
21 47 4.35641e-11
20 48 -2.78028e-12
20 49 -4.66068e-11
21 48 -2.46968e-12
21 49 2.22537e-11
20 50 1.00388e-12
20 51 -4.45382e-11
21 50 -3.48814e-11
21 51 3.37217e-11
20 52 -4.61475e-12
20 53 -3.53318e-11
21 52 4.31101e-13
21 53 -3.17729e-11
20 54 -1.59260e-12
20 55 -2.65842e-11
21 54 5.03374e-13
21 55 -9.30545e-13
